Country	Year	Area	Zmin	Zmax	Zmed	Slope
Afghanistan	1999	0.8802991452991453	4841.737891737892	5426.17094017094	5127.866096866097	30.991168091168085
Afghanistan	2000	0.6526378961564385	4639.333782872555	5088.511126095752	4851.453135536076	25.158597437626423
Afghanistan	2001	0.45276738609112727	4132.088729016787	4430.971223021583	4274.812949640288	21.903597122302145
Afghanistan	2002	0.6551291114383901	4779.449189985273	5189.808051055474	4969.164948453608	24.527295041728088
Albania	2007	0.073	1996.5	2092.0	2031.0	22.85
Antarctica	-999	17.28805	52.0	300.0	-999.0	13.429999999999998
Antarctica	1961	44.13253333333332	10.0	475.3333333333333	-999.0	5.366666666666666
Antarctica	1967	35.273301587301575	1030.6349206349207	1492.857142857143	-999.0	10.846031746031745
Antarctica	1988	5.9981607142857145	411.42857142857144	532.1428571428571	-999.0	9.082142857142859
Antarctica	1999	20.143500000000003	20.0	330.0	-999.0	8.5
Antarctica	2000	234.282	10.0	270.0	-999.0	1.6
Argentina	1986	2145.105	10.0	2850.0	-999.0	5.5
Argentina	1989	1852.8180000000002	10.0	430.0	-999.0	1.8499999999999999
Argentina	1990	652.937090909091	10.0	1297.2727272727273	-999.0	8.354545454545455
Argentina	1997	1798.459	10.0	733.3333333333334	-999.0	2.3000000000000003
Argentina	2000	2.6664640484564384	2264.9501758499414	2618.6086361860102	2448.205353653771	23.62125830402499
Argentina	2001	332.22415384615385	14.615384615384615	870.0	-999.0	4.153846153846154
Argentina	2002	170.77154545454547	66.36363636363636	159.0909090909091	-999.0	1.136363636363636
Armenia	1965	0.111	2365.0	2466.0	2409.0	15.7
Australia	1997	306.50474999999994	10.0	125.0	-999.0	0.375
Australia	1999	0.022000000000000002	10.0	50.0	-999.0	0.0
Australia	2000	7.532900000000003	11.2	54.8	-999.0	0.35200000000000004
Austria	2003	0.39769609507640075	2751.0797962648558	3020.0577249575554	2886.3480475382003	25.041086587436315
Austria	2009	0.13333333333333333	2555.6666666666665	2706.6666666666665	2606.6666666666665	18.03333333333333
Azerbaijan	1965	0.2511333333333334	3281.866666666667	3535.4666666666667	3403.2	27.619999999999997
Bhutan	2000	0.7232734375000003	5010.859375	5426.2890625	5218.40625	22.492968749999996
Bhutan	2001	0.9310338078291817	5155.729537366548	5565.596085409253	5365.256227758007	20.713167259786452
Bhutan	2002	0.7219999999999999	4877.166666666667	5328.0	5087.0	24.616666666666664
Bhutan	2007	1.4246428571428569	5498.5	6431.285714285715	5934.0	36.24285714285715
Bhutan	2009	1.2113684210526316	5297.421052631579	5880.0526315789475	5571.631578947368	26.16842105263158
Bhutan	2010	2.497689419795221	5568.15699658703	6194.269624573379	5859.170648464164	23.663139931740616
Bolivia	2000	0.9731465295629829	4967.105398457584	5452.694087403599	5214.298200514138	27.537789203084817
Canada	-999	0.034	1029.0	1213.0	1123.0	32.0
Canada	1958	5.5982018348623805	779.2660550458716	968.302752293578	895.5045871559633	12.573394495412844
Canada	1959	0.2725	1978.0	2288.5	2109.0	25.450000000000003
Canada	1966	0.06315602836879432	2182.2198581560283	2384.6879432624114	2267.9078014184397	38.01560283687942
Canada	1968	0.12354135338345863	1901.3157894736842	2134.466165413534	2008.7368421052631	30.25338345864661
Canada	1974	0.1455459459459459	1611.4486486486487	1813.6864864864865	1705.4918918918918	27.05405405405407
Canada	1975	0.22166666666666668	1733.6666666666667	1867.8333333333333	1800.8333333333333	18.683333333333334
Canada	1982	4.207083333333333	697.8611111111111	921.8888888888889	847.8888888888889	12.674999999999999
Canada	1983	0.2044206349206349	1792.8253968253969	2066.0158730158732	1923.7301587301588	31.392063492063485
Canada	1984	0.6008535714285715	1858.3535714285715	2245.707142857143	2041.1285714285714	25.203214285714285
Canada	1985	0.639577030812325	1839.1064425770307	2167.6666666666665	2001.0728291316527	20.640616246498592
Canada	1987	0.3577177419354837	1739.725806451613	2060.6209677419356	1892.516129032258	23.521774193548396
Canada	1989	0.46610671936758896	1769.3201581027668	2051.3596837944665	1900.1225296442688	22.125296442687713
Canada	1990	0.5937419354838711	1762.0	2185.935483870968	1968.8709677419354	26.999999999999996
Canada	1991	0.4294347826086956	1919.552795031056	2257.5714285714284	2080.167701863354	25.996894409937877
Canada	1999	17.311065095223192	555.2947236965344	1043.368560724321	840.092101155167	15.718607555416781
Canada	2000	8.076759084791385	729.0803050695379	1123.0538358008075	958.4042171377299	17.171870794078067
Canada	2001	5.656535746606334	694.6018099547512	1071.998190045249	907.2434389140271	18.81583710407239
Canada	2002	7.752798185941047	608.3316326530612	1089.5680272108843	896.8543083900227	17.014569160997727
Canada	2004	1.071425864072029	1831.820214928841	2242.529117049085	2042.4016119663086	23.23824426372353
Canada	2005	6.569018126888218	1566.6012084592146	1974.404833836858	1757.9123867069486	25.98429003021148
Canada	2006	1.154375	706.25	872.375	822.5	12.05
Canada	2008	4.152962962962964	823.7037037037037	1188.3703703703704	1024.888888888889	17.488888888888887
Canada	2009	0.8508194444444441	760.625	1075.5694444444443	900.0416666666666	20.370833333333337
Canada	2010	6.306094468085114	1249.6609929078015	1763.1421276595745	1513.0428368794326	23.580624113475178
Chile	-999	25.194317757009344	31.806853582554517	99.65732087227414	-999.0	2.176947040498442
Chile	1956	29.339	10.0	345.0	-999.0	2.8
Chile	1957	12.161217391304344	16.52173913043478	1023.4782608695652	-999.0	15.897826086956526
Chile	1972	798.4116842105265	20.526315789473685	558.421052631579	-999.0	2.521052631578948
Chile	1979	200.52141791044772	107.01492537313433	719.5522388059702	-999.0	7.258208955223883
Chile	1986	43.522708029197084	75.4014598540146	686.3503649635037	-999.0	12.400729927007296
Chile	1987	5.809692307692308	96.92307692307692	1003.0769230769231	-999.0	24.457692307692305
Chile	1988	127.33600000000001	10.0	240.0	-999.0	1.6
Chile	1989	23.206317307692327	91.98717948717949	630.6410256410256	-999.0	12.341666666666665
Chile	1990	0.2531428571428571	10.0	61.42857142857143	-999.0	0.0
Chile	1996	4.679	10.0	100.0	-999.0	0.15000000000000002
Chile	1997	521.1238333333333	34.44444444444444	458.8888888888889	-999.0	21.81111111111111
Chile	2000	1.4743524171847497	1581.3074139370883	1949.676997309084	1775.1076366335715	24.27020506634506
Chile	2001	39.29254961832063	699.6488549618321	1802.4351145038167	933.2442748091603	20.723664122137404
Chile	2005	1.499	10.0	50.0	-999.0	0.0
China	1998	1.2006	4772.6	5576.0	5171.1	23.660000000000004
China	1999	1.2043531289910607	4820.825670498084	5393.026181353767	5114.092592592592	26.05606641123881
China	2000	0.7005289323553382	5358.073349633251	5784.342298288509	5571.81010594947	24.162428687856572
China	2001	0.6065516248457414	5167.018099547511	5595.942410530646	5385.06170300288	24.321308103661043
China	2002	0.6890283363802554	4427.210237659963	4876.140767824497	4661.1873857404025	26.82760511882998
China	2003	1.1084065573770499	4886.239344262295	5527.314754098361	5197.131147540984	26.66819672131147
China	2004	0.3998349206349207	5559.355555555556	5825.852380952381	5694.401587301587	23.871746031746035
China	2005	0.9348861042738881	5028.334079212352	5469.216379503245	5250.06757663907	24.60919668829716
China	2006	0.7770260509177018	5142.883066903493	5489.799289520426	5328.772942569568	25.041799881586794
China	2007	0.90491430724513	4465.4224351383355	4854.766713316826	4660.402303800194	25.423694692647217
China	2008	0.20618666666666668	4780.546666666667	5029.2	4920.026666666667	25.96666666666666
China	2009	0.7996692384270799	5224.876804380288	5608.73668491787	5418.803467728555	25.28750622200104
China	2010	1.400915958268936	5279.963485316847	5689.3560664605875	5492.714064914992	24.674632921174666
China	2011	1.315224737267582	5263.408245755861	5781.942603071948	5536.471301535974	25.50670978172998
China	2013	0.5835384615384616	4554.384615384615	5065.884615384615	4807.884615384615	27.430769230769233
Colombia	2000	0.9323380281690135	4712.169014084507	5163.183098591549	4941.056338028169	28.667605633802832
Ecuador	1997	3.4175	4787.0	5781.25	5206.75	28.85
Ecuador	2000	1.7587833333333334	4432.45	5062.633333333333	4729.133333333333	27.331666666666667
Falkland Islands (Malvinas)	-999	0.24575	10.0	50.0	-999.0	0.0
Falkland Islands (Malvinas)	1957	12.392716216216218	16.756756756756758	672.7027027027027	-999.0	13.824324324324328
Falkland Islands (Malvinas)	1986	10.225	10.0	490.0	-999.0	16.1
Falkland Islands (Malvinas)	1988	20.018114503816786	151.98473282442748	293.6641221374046	-999.0	7.709923664122142
Falkland Islands (Malvinas)	1989	29.782	10.0	410.0	-999.0	4.771428571428571
Falkland Islands (Malvinas)	1990	328.15628571428573	72.85714285714286	358.57142857142856	-999.0	5.742857142857142
Falkland Islands (Malvinas)	2000	12.131428571428572	43.714285714285715	366.0	-999.0	7.712857142857143
France	1990	0.015	2129.0	2176.0	2147.0	19.1
France	2003	0.515942196531792	2808.2678227360307	3213.2061657032755	3008.1618497109826	32.19171483622353
France	2004	0.8548	2897.4	3368.8	3133.4	22.44
France	2011	0.10125	2535.0	2785.875	2672.25	36.475
French Southern Territories	-999	7.892289473684208	10.394736842105264	53.421052631578945	-999.0	0.2072368421052632
French Southern Territories	1964	4.819455172413794	341.17241379310343	925.8620689655172	-999.0	18.162068965517246
French Southern Territories	1974	76.0155	30.0	210.0	-999.0	2.2
French Southern Territories	1988	8.211258064516128	58.38709677419355	1592.5806451612902	-999.0	16.59032258064516
French Southern Territories	1989	0.018772727272727278	10.0	50.0	-999.0	0.0
French Southern Territories	1990	18.212388888888892	10.0	71.11111111111111	-999.0	0.29444444444444445
French Southern Territories	1991	21.203625000000002	12.5	82.5	-999.0	0.9500000000000001
French Southern Territories	2000	12.775136363636365	10.0	70.0	-999.0	0.20909090909090908
Georgia	1960	0.805	2578.0	3051.0	2754.0	23.9
Georgia	1965	0.6915624999999999	2695.05	3126.075	2899.7625	31.6975
Georgia	1999	0.5389333333333333	3164.866666666667	3538.3333333333335	3377.866666666667	26.419999999999998
Georgia	2000	0.29220689655172416	2678.2758620689656	2934.0	2808.896551724138	23.43448275862069
Georgia	2001	1.0230281690140852	3065.0140845070423	3591.2464788732395	3341.781690140845	29.744366197183105
Georgia	2004	0.7815466666666667	3248.306666666667	3775.3866666666668	3536.16	26.928000000000008
Germany	2009	0.044333333333333336	2076.6666666666665	2270.6666666666665	2159.3333333333335	29.933333333333334
Germany	2010	0.223	2253.0	2678.0	2399.0	29.7
Greenland	1994	0.9552601010101017	880.3282828282828	1298.4267676767677	1099.0631313131314	24.920707070707053
Greenland	1999	9.634887634408608	541.4688172043011	1020.8209677419355	816.0204301075269	18.280268817204302
Greenland	2000	5.20430363543267	693.1751152073733	1129.6702508960573	923.8766001024065	22.555043522785468
Greenland	2001	2.033460238568587	761.7952286282306	1179.7922465208746	987.6665009940358	21.970924453280347
Greenland	2002	3.8519356542616956	755.788475390156	1256.5212484993997	1031.289555822329	23.499111644657802
Greenland	2004	85.4795	695.25	1106.5	988.75	5.625
Greenland	2009	1.313353846153846	956.6123076923077	1231.8153846153846	1108.993846153846	18.290461538461546
Iceland	1999	13.953401226993869	742.9926380368098	1179.163190184049	965.040490797546	21.497668711656434
Iceland	2000	9.522617172853378	892.8901387326584	1401.2129733783277	1175.0809898762654	21.71143607049117
Iceland	2001	7.550357235984351	1057.4453715775749	1657.4059973924382	1446.535332464146	18.600000000000012
Iceland	2002	3.2134419889502737	386.89686924493554	731.7605893186004	549.6869244935543	18.75580110497237
Iceland	2003	2.851736111111109	842.6743827160494	1121.04012345679	1002.8070987654321	14.277006172839506
Iceland	2004	10.050160156250005	659.46484375	911.90625	826.80078125	10.640625000000004
Iceland	2005	2.7987306791569075	712.5339578454333	1054.0936768149884	912.1077283372365	15.908196721311473
India	1999	0.8492994011976052	4875.958083832335	5410.0	5148.7125748502995	25.443712574850313
India	2000	1.1011688073394519	4907.448929663608	5403.206320081549	5154.529867482161	25.323139653414927
India	2001	1.7056722801390025	5113.051055867415	5669.921678695536	5403.251002405774	28.8406575781877
India	2002	1.163321230982015	5375.7117911479945	5838.728388658368	5616.209024896266	26.673772475795293
India	2004	0.38522222222222224	5361.0	5717.0	5536.888888888889	25.644444444444446
India	2005	0.5304117647058822	4559.389705882353	4891.404411764706	4721.176470588235	25.408088235294116
India	2006	0.46279428571428566	5672.5085714285715	6060.64	5873.56	29.20799999999999
India	2007	2.6177500000000005	5228.8125	5775.8125	5487.0625	16.21875
India	2009	0.9161936619718304	5583.165492957746	5987.288732394366	5779.661971830986	27.4450704225352
India	2010	0.5675697674418605	5301.232558139535	5768.674418604651	5553.581395348837	29.824418604651164
India	2011	0.8588596491228069	5323.517543859649	5754.7807017543855	5536.982456140351	24.93684210526316
Indonesia	2002	0.4276	4511.0	4726.8	4639.6	20.5
Iran, Islamic Republic of	2011	0.19513500000000003	3707.145	3988.485	3847.365	23.459
Italy	-999	0.09985714285714288	2610.095238095238	2831.8571428571427	2714.3809523809523	34.490476190476194
Italy	1973	0.151	2149.0	2364.0	2241.0	27.0
Italy	1990	0.08375	2572.5	2769.5	2675.75	26.3
Italy	2003	0.5341327999999996	2863.7392	3173.5584	3018.6776	26.35256000000001
Italy	2004	0.044250000000000005	3114.25	3268.0	3197.0	31.674999999999997
Italy	2005	0.07400000000000001	2884.0	3059.0	2999.0	32.0
Italy	2007	0.06425000000000002	2523.9375	2707.25	2606.8125	30.9375
Italy	2008	0.06266666666666666	2679.0	2903.6666666666665	2761.6666666666665	32.666666666666664
Italy	2009	0.083974358974359	2473.4871794871797	2766.2051282051284	2604.641025641026	31.076923076923077
Italy	2010	0.056789473684210535	2645.4210526315787	2867.2631578947367	2743.7894736842104	28.842105263157894
Italy	2012	0.045	1852.5	2047.5	1924.5	24.5
Kazakhstan	1999	0.7020433369447463	3489.5915492957747	3880.4355362946912	3667.679306608884	22.939219934994597
Kazakhstan	2000	0.32253358208955213	3522.8880597014927	3812.4850746268658	3657.2014925373132	22.342164179104465
Kazakhstan	2001	0.6591999999999999	3336.3333333333335	3682.0	3510.8	21.326666666666664
Kazakhstan	2002	2.280677551020405	3863.361224489796	4402.632653061224	4134.108163265306	26.460204081632643
Kazakhstan	2007	2.032483076923076	3732.0384615384614	4331.572307692308	4021.5107692307693	29.29015384615383
Kazakhstan	2009	0.42540000000000006	3553.65	3875.85	3733.65	24.799999999999997
Kazakhstan	2011	0.125	3300.3333333333335	3522.3333333333335	3418.0	24.933333333333334
Kenya	1993	0.05685714285714287	4693.0	4888.0	4795.857142857143	34.1
Kyrgyzstan	1998	0.5427947598253275	4003.7292576419213	4358.759825327511	4166.484716157205	23.533624454148466
Kyrgyzstan	1999	0.5912311912225703	3860.9811912225705	4234.525078369906	4037.8424764890283	23.66355799373041
Kyrgyzstan	2000	0.8566046611998286	4115.933966335779	4580.192921881744	4335.753560638757	26.105740181268867
Kyrgyzstan	2001	0.8499604743083005	4215.268774703557	4654.711462450593	4431.588932806324	27.157312252964417
Kyrgyzstan	2002	0.7606010387157695	3912.452313503305	4325.819641170916	4113.127478753541	23.773984891406958
Kyrgyzstan	2007	0.24774074074074073	4170.604938271605	4431.802469135802	4308.851851851852	24.382716049382715
Kyrgyzstan	2009	0.7601751412429376	4381.316384180791	4828.717514124294	4594.949152542373	28.374011299435033
Mexico	1999	0.23271428571428568	5050.571428571428	5359.857142857143	5222.0	26.714285714285715
Mongolia	2002	0.101	3052.5	3272.5	3165.5	24.975
Mongolia	2006	0.23744210526315776	3243.6526315789474	3518.242105263158	3388.305263157895	28.352631578947364
Mongolia	2011	0.24196153846153848	3261.7948717948716	3512.25641025641	3385.551282051282	24.133333333333333
Mongolia	2013	0.7349847328244274	3396.9045801526718	3798.583969465649	3628.141221374046	23.55725190839694
Montenegro	2003	0.019	2124.0	2374.0	2311.0	31.8
Nepal	1998	0.5126713286713288	5068.902097902098	5518.755244755244	5280.671328671328	26.604895104895093
Nepal	1999	0.7594504504504507	4813.216216216216	5372.018018018018	5100.738738738739	25.010810810810824
Nepal	2000	1.0557063197026004	5131.728624535316	5716.433085501859	5408.139405204461	27.14070631970258
Nepal	2001	1.108260000000001	5236.356842105263	5872.661052631579	5560.497894736842	27.109578947368423
Nepal	2002	1.1508187919463093	5270.120805369127	5897.046979865771	5578.239373601789	25.416778523489928
Nepal	2004	0.5381428571428571	5401.142857142857	5798.857142857143	5623.714285714285	21.814285714285713
Nepal	2007	0.273	5750.25	6100.5	5931.0	29.15
Nepal	2009	1.3482970297029697	5577.346534653465	6047.8564356435645	5797.952970297029	25.62029702970295
Nepal	2010	1.685854838709676	5656.768145161291	6192.215725806452	5886.445564516129	26.2528225806452
New Zealand	-999	15.337	10.0	130.0	-999.0	4.1499999999999995
New Zealand	1976	140.23686666666663	24.666666666666668	159.33333333333334	-999.0	1.3466666666666665
New Zealand	1978	0.32847073791348586	1722.8119875600792	2028.220525869381	1877.1422109132034	31.350664404862904
New Zealand	1984	361.455	10.0	376.6666666666667	-999.0	2.8333333333333335
New Zealand	1995	0.071	10.0	50.0	-999.0	-9.0
Norway	1999	1.1499834834834841	1020.7372372372372	1257.5765765765766	1150.9414414414414	15.969219219219221
Norway	2001	3.6982009744214372	971.8026796589525	1228.2521315468941	1095.4445797807552	22.021193666260647
Norway	2002	3.8014865771812083	1275.4194630872482	1613.0939597315437	1449.9093959731545	17.391610738255025
Norway	2003	0.8004989604989607	1568.1642411642413	1776.931392931393	1674.806652806653	16.768814968814972
Norway	2005	18.145090909090904	154.36363636363637	426.8181818181818	330.6818181818182	9.727272727272727
Norway	2006	0.9645203180211994	1303.160777385159	1563.27296819788	1451.780035335689	19.20220848056539
Norway	2007	645.8009999999999	0.0	408.0	237.0	11.1
Norway	2008	170.2723	36.2	452.4	300.9	7.63
Pakistan	1998	1.3097954675846224	5014.588353413655	5557.170395869191	5292.0341365461845	31.320109007458463
Pakistan	1999	1.048337327523606	4542.756717501816	5040.245098039216	4779.181917211329	28.63910675381259
Pakistan	2000	0.6116301718650536	4644.281349458944	5053.366645448758	4838.351368555061	23.530044557606626
Pakistan	2001	2.828837701612906	4742.197076612903	5368.008568548387	5065.613911290323	30.441733870967752
Pakistan	2002	0.6193741935483871	4585.645161290323	4973.875268817204	4771.875268817204	22.14946236559138
Pakistan	2007	0.225	5069.666666666667	5361.666666666667	5234.333333333333	31.099999999999998
Pakistan	2008	0.1195	5053.5	5361.5	5229.5	34.05
Pakistan	2009	0.6624925373134329	5025.555223880597	5440.9701492537315	5221.698507462686	25.19522388059703
Pakistan	2010	1.7033548387096769	5167.535483870968	5743.864516129032	5463.470967741935	24.908387096774195
Peru	2000	1.0679487459105779	4875.981461286805	5272.9105779716465	5080.099236641221	23.607851690294392
Peru	2003	1.000027027027027	4869.375375375375	5465.273273273273	5151.360360360361	32.27747747747748
Peru	2004	0.13390393013100427	4816.668122270742	4988.3100436681225	4907.56768558952	26.089082969432315
Peru	2006	0.33291743119266065	5038.495412844037	5306.940366972477	5176.298165137615	25.103669724770626
Peru	2007	0.3075081967213115	4804.311475409836	5082.0	4943.975409836065	25.862295081967204
Peru	2008	0.5814238578680203	4971.106598984771	5397.758883248731	5180.928934010152	31.117766497461943
Peru	2009	0.7677750000000001	5471.1	5910.3125	5709.8625	24.5475
Pitcairn	-999	866.6712857142859	12.857142857142858	801.4285714285714	-999.0	15.22857142857143
Pitcairn	1972	698.0239999999999	30.0	370.0	-999.0	1.6
Pitcairn	1973	67.80749999999999	10.0	270.0	-999.0	2.3
Russian Federation	-999	0.03394285714285712	392.04761904761904	452.3047619047619	423.81904761904764	17.154285714285717
Russian Federation	1956	5.4008666666666665	-54.266666666666666	250.2	-492.4	-1.7800000000000002
Russian Federation	1957	0.604	3418.0	3951.5	3625.5	34.349999999999994
Russian Federation	1960	0.3188333333333333	3272.3333333333335	3596.0	3428.3333333333335	31.7
Russian Federation	1962	0.2212	3485.6	3799.2	3655.6	32.42
Russian Federation	1965	0.39990829694323093	3107.825327510917	3461.109170305677	3284.877729257642	30.685152838427967
Russian Federation	1999	0.9395750000000002	2434.9625	2926.4625	2684.0625	26.44375
Russian Federation	2000	15.781496193771654	1400.629757785467	1824.903114186851	1611.1404844290657	20.25058823529411
Russian Federation	2001	23.567623684210545	2513.1631578947367	3029.4184210526314	2781.2526315789473	25.05921052631581
Russian Federation	2002	99.06103225806451	364.8709677419355	674.7096774193549	526.9516129032259	17.158064516129034
Russian Federation	2003	17.952103703703706	27.414814814814815	425.81481481481484	234.13333333333333	13.823703703703712
Russian Federation	2004	4.4571049382716055	2875.490740740741	3398.2191358024693	3137.929012345679	28.14783950617285
Russian Federation	2005	19.141550000000006	1159.7428571428572	1436.1571428571428	1318.3714285714286	19.07428571428571
Russian Federation	2006	22.416872146118738	207.2648401826484	487.09589041095893	359.9634703196347	15.919634703196346
Russian Federation	2007	20.144153153153187	1650.6936936936936	1858.027027027027	1745.2252252252251	25.3
Russian Federation	2008	131.56375	61.0	482.5	283.75	20.275
Russian Federation	2009	0.17084923076923084	1031.0584615384616	1228.3907692307691	1113.9384615384615	24.37723076923079
Russian Federation	2010	7.677873563218387	1767.7701149425288	1975.4942528735633	1871.8850574712644	21.840229885057465
Russian Federation	2011	0.630425603593487	2550.299270072993	2919.2453677709154	2725.622122403144	24.72841100505336
Russian Federation	2013	0.3263060402684568	1621.144966442953	1874.0308724832214	1735.5677852348992	24.31362416107385
Saint Helena	1973	98.744	10.0	70.0	-999.0	0.4
Saint Helena	1975	425.36400000000003	10.0	70.0	-999.0	0.2
Saint Helena	1985	2.7570625000000004	66.25	701.25	-999.0	21.3875
Saint Helena	1986	332.0926666666667	10.0	56.666666666666664	-999.0	0.20000000000000004
Saint Helena	1987	397.8661666666667	16.666666666666668	63.333333333333336	-999.0	0.35000000000000003
Slovenia	1997	0.015	2306.0	2402.0	2372.0	36.0
Slovenia	1999	0.011000000000000001	2533.0	2593.0	2556.0	45.0
Slovenia	2012	0.0186	2145.4	2214.2	2170.2	28.0
South Africa	1966	0.528	970.0	1170.0	-999.0	9.6
South Africa	1973	588.132	10.0	60.0	-999.0	0.3
South Africa	1974	21.081	10.0	50.0	-999.0	0.0
South Africa	1975	917.5319999999999	10.0	310.0	-999.0	1.3
South Africa	1976	88.06700000000001	10.0	50.0	-999.0	0.5
South Georgia and the South Sandwich Islands	1962	5.536888888888888	10.0	516.6666666666666	-999.0	10.366666666666667
South Georgia and the South Sandwich Islands	1964	12.011400000000002	16.0	354.0	-999.0	4.165000000000001
South Georgia and the South Sandwich Islands	1968	1.5992333333333337	42.0	252.66666666666666	-999.0	15.790000000000001
South Georgia and the South Sandwich Islands	1974	270.89099999999996	10.0	50.0	-999.0	0.2
South Georgia and the South Sandwich Islands	1979	3.9709909909909933	23.693693693693692	439.9099099099099	-999.0	14.217117117117114
South Georgia and the South Sandwich Islands	1986	1482.0220000000002	10.0	70.0	-999.0	0.2
South Georgia and the South Sandwich Islands	1987	129.692	10.0	50.0	-999.0	0.65
South Georgia and the South Sandwich Islands	2002	0.6343636363636364	186.36363636363637	555.4545454545455	-999.0	29.972727272727273
South Georgia and the South Sandwich Islands	2003	4.389607645875249	283.03822937625756	738.0885311871227	-999.0	20.99738430583503
Spain	2011	0.09456521739130436	2857.1304347826085	3036.8260869565215	2949.4347826086955	31.947826086956525
Svalbard and Jan Mayen	1975	2.5306666666666664	262.8333333333333	1052.2708333333333	578.7708333333334	17.747916666666665
Svalbard and Jan Mayen	1999	15.554714285714285	78.57142857142857	168.85714285714286	133.28571428571428	6.1000000000000005
Svalbard and Jan Mayen	2000	0.6	354.0	683.0	465.0	20.3
Svalbard and Jan Mayen	2001	67.17190659340658	432.2967032967033	863.7087912087912	662.2582417582418	12.72747252747253
Svalbard and Jan Mayen	2002	14.28670542635659	334.9767441860465	754.2480620155038	567.5193798449612	14.689922480620154
Svalbard and Jan Mayen	2003	5.071442211055275	290.68341708542715	671.6733668341709	489.24120603015075	13.803517587939705
Svalbard and Jan Mayen	2004	14.903104166666665	260.65625	619.4270833333334	447.21875	14.357291666666663
Svalbard and Jan Mayen	2005	1.8487529411764714	403.3529411764706	814.6705882352941	607.4	15.80941176470588
Svalbard and Jan Mayen	2006	2.03892	183.28	556.48	311.48	19.784000000000002
Svalbard and Jan Mayen	2007	18.29232888888889	254.19555555555556	760.9688888888888	485.73777777777775	15.133777777777777
Svalbard and Jan Mayen	2008	24.37052086137281	219.1049798115747	729.4845222072678	468.86541049798114	14.78048452220728
Svalbard and Jan Mayen	2009	1.6933636363636366	249.0	607.5454545454545	387.09090909090907	19.836363636363636
Svalbard and Jan Mayen	2010	4.3368947368421065	508.50877192982455	1046.280701754386	800.0701754385965	16.145614035087718
Sweden	2002	0.9067333333333333	1346.9666666666667	1691.5	1497.6333333333334	22.413333333333334
Switzerland	2003	0.6450313390313392	2781.096153846154	3117.7656695156697	2952.393874643875	28.1777777777778
Switzerland	2007	0.031	2675.0	2861.0	2760.0	33.0
Tajikistan	2000	0.9581615044247798	4313.817562968005	4807.309394145677	4552.153335602451	26.52700816882241
Tajikistan	2001	0.8389250909090908	4771.093090909091	5233.223272727273	5000.986909090909	26.50574545454543
Tajikistan	2002	0.47461769759450184	4621.298109965635	5035.041237113402	4819.721649484536	26.91778350515462
Tajikistan	2009	1.3624024577572968	4840.6036866359445	5415.84178187404	5118.213517665131	26.761904761904752
Tanzania, United Republic of	2000	0.17931249999999999	5268.6875	5628.625	5472.25	29.075
Turkey	2004	0.11266666666666668	3211.3333333333335	3494.3333333333335	3360.6666666666665	30.95
Turkey	2006	0.03628571428571429	2893.285714285714	3052.1428571428573	2955.3333333333335	33.076190476190476
Turkey	2008	0.0725	3650.75	3823.0	3715.75	27.45
Turkey	2009	0.2930714285714286	3183.0	3552.1428571428573	3373.6428571428573	28.46428571428571
Turkey	2011	5.667999999999999	3864.0	5099.0	4682.0	24.9
Uganda	1990	0.08753846153846155	4536.923076923077	4775.2307692307695	4667.7692307692305	35.16153846153847
United States	1943	0.2885714285714286	1623.2857142857142	1962.857142857143	1810.5714285714287	28.442857142857147
United States	1949	0.1833333333333333	2261.766666666667	2491.3	2364.4666666666667	24.276666666666664
United States	1951	0.023	3311.0	3417.0	3355.0	22.5
United States	1952	0.03305000000000001	3528.35	3630.25	3576.5	28.970000000000006
United States	1953	0.06766666666666667	3501.6666666666665	3673.25	3562.0	26.691666666666666
United States	1956	0.2185841584158416	1861.4059405940593	2144.366336633663	1985.2277227722773	22.338613861386133
United States	1957	0.08798837209302324	2301.1511627906975	2447.3546511627906	2369.0872093023254	21.795930232558145
United States	1958	0.1933010101010102	1935.9515151515152	2154.4525252525254	2040.6303030303031	29.709292929292904
United States	1959	0.07409523809523808	1843.2142857142858	1998.642857142857	1913.5	26.12619047619048
United States	1963	0.1518235294117647	2064.970588235294	2262.0882352941176	2159.6176470588234	29.849999999999994
United States	1964	0.06995000000000001	2434.825	2605.825	2515.85	29.8225
United States	1965	0.176	1924.75	2200.25	2045.5	24.75
United States	1966	0.13692307692307693	2995.5303643724696	3162.8036437246965	3069.6700404858298	26.987854251012134
United States	1967	0.03874074074074072	3103.783950617284	3248.425925925926	3164.456790123457	28.252469135802468
United States	1968	0.09719354838709672	2530.7258064516127	2717.483870967742	2612.3870967741937	30.102419354838702
United States	1969	0.10675083056478404	2893.029900332226	3033.6146179401994	2953.332225913621	23.000996677740854
United States	1970	0.4412476635514023	2285.5607476635514	2583.2056074766356	2418.233644859813	23.917757009345806
United States	1971	0.028848484848484828	2806.5	2930.3636363636365	2862.9848484848485	29.307575757575755
United States	1972	0.05066666666666667	2582.5	2702.6666666666665	2627.0	25.899999999999995
United States	1973	0.0154	3211.6	3297.6	3256.0	27.78
United States	1974	0.08006143344709896	2853.494880546075	3000.211604095563	2918.1774744027302	28.352559726962454
United States	1975	0.25183769633507846	3124.13612565445	3352.083769633508	3223.0418848167537	28.007853403141386
United States	1976	0.03729174664107481	3555.1804222648752	3691.6257197696737	3608.5335892514395	29.561996161228407
United States	1978	0.094	3418.0	3833.0	3735.0	44.4
United States	1979	0.06283333333333335	1649.0	1829.0	1724.3333333333333	23.508333333333336
United States	1980	0.28443999999999997	2537.12	2993.16	2762.2	28.967999999999996
United States	1981	0.06778571428571431	3111.0505952380954	3264.7678571428573	3175.7619047619046	26.4142857142857
United States	1982	0.04066666666666667	3111.0	3249.3333333333335	3177.8333333333335	28.583333333333332
United States	1983	0.11732911392405065	1610.4810126582279	1836.3291139240507	1708.0	31.45443037974683
United States	1984	0.14173459715639805	2834.436018957346	3013.452606635071	2915.303317535545	25.699289099526077
United States	1985	0.06190697674418602	2138.7906976744184	2265.4418604651164	2197.5406976744184	24.66976744186047
United States	1987	0.18926086956521732	1632.136645962733	1816.695652173913	1723.0683229813665	24.386956521739133
United States	2000	4.900083333333333	744.8333333333334	1349.5	1079.5	16.375
United States	2001	0.03372727272727273	3629.909090909091	3772.6060606060605	3692.7272727272725	36.33030303030304
United States	2002	2.1540169491525423	721.0508474576271	1726.3898305084747	1076.915254237288	22.338983050847457
United States	2004	2.2039150537634398	1263.8225806451612	1773.3494623655913	1523.1827956989248	25.06451612903226
United States	2005	2.515110846245531	1412.2673818037347	1904.2371871275327	1663.7783075089392	23.83829956297179
United States	2006	1.8693916083916098	852.6127622377622	1249.25	1047.305944055944	23.037587412587413
United States	2007	2.0056155484558045	1412.1022364217251	1898.8679446219382	1656.7177848775293	22.98083067092652
United States	2008	1.0114244186046506	998.0872093023256	1501.8023255813953	1234.3953488372092	24.401162790697676
United States	2009	2.6413035955663626	1319.176804541768	1770.3955123006217	1533.9207894025412	24.004595836712625
United States	2010	3.3009557477110842	1337.7911495422177	1816.7893184130214	1569.8905391658188	24.112004069175992
United States	2011	6.036606741573036	1161.2022471910113	1683.7752808988764	1429.4943820224719	25.337078651685392
Uzbekistan	2000	0.5257808219178082	4008.2876712328766	4418.9497716894975	4177.328767123287	24.870319634703186
Uzbekistan	2001	0.24600000000000002	3703.0	4201.0	3856.0	24.1
Uzbekistan	2002	0.1718	4067.6	4475.6	4220.0	32.36
Venezuela	2000	0.19875	4616.5	4844.75	4741.25	29.874999999999996
